Predicted	Measured
-1.849146881103515625e+02	1.165734004974365234e+01
2.286320114135742188e+01	1.334990024566650391e+01
3.340251770019531250e+02	1.640995025634765625e+01
-1.842470855712890625e+02	4.864699840545654297e+00
1.223032760620117188e+01	1.000000000000000000e+00
4.280906295776367188e+01	1.635390090942382812e+01
-1.983406448364257812e+01	1.899921989440917969e+01
2.571152877807617188e+01	9.415539741516113281e+00
4.821707500000000000e+05	1.281970024108886719e+00
2.068394088745117188e+01	1.098480033874511719e+01
1.332391875000000000e+05	1.636510014533996582e+00
1.829893112182617188e+01	1.340594005584716797e+01
1.553079071044921875e+02	1.513212013244628906e+01
2.067319869995117188e+01	2.678950071334838867e+00
1.696842575073242188e+01	1.412331962585449219e+01
-1.294625488281250000e+03	1.225142002105712891e+01
-9.849863281250000000e+03	1.625301933288574219e+01
6.334552001953125000e+02	1.305846023559570312e+01
9.084605407714843750e+01	1.300242042541503906e+01
-1.256325225830078125e+02	4.710010051727294922e+00
-9.367579650878906250e+01	1.240834045410156250e+01
5.838507500000000000e+05	4.010000228881835938e+00
2.457653045654296875e+02	1.422420024871826172e+01
2.128977584838867188e+01	3.710170030593872070e+00
-1.402602081298828125e+02	1.209449005126953125e+01
8.469694519042968750e+01	1.600642013549804688e+01
1.161948776245117188e+01	1.721698951721191406e+01
3.379514465332031250e+02	1.782228088378906250e+01
-1.452324371337890625e+02	1.670137977600097656e+01
1.438473968505859375e+02	8.048049926757812500e+00
3.142320937500000000e+05	4.259409904479980469e+00
-6.431965637207031250e+01	1.468375968933105469e+01
2.851218795776367188e+01	6.859899997711181641e+00
2.941681823730468750e+02	1.912252044677734375e+01
5.125913619995117188e+01	1.266615009307861328e+01
9.167875671386718750e+01	1.602883911132812500e+01
1.652842330932617188e+01	1.201603031158447266e+01
3.922637023925781250e+02	1.898801040649414062e+01
-1.372147369384765625e+02	1.008808040618896484e+01
1.554640991210937500e+03	1.067094993591308594e+01
3.078892135620117188e+01	9.919949531555175781e+00
-2.512081451416015625e+02	1.132106971740722656e+01
1.971635055541992188e+01	1.275582027435302734e+01
1.970445404052734375e+02	1.643236923217773438e+01
6.843431091308593750e+01	1.604005050659179688e+01
6.347574996948242188e+01	1.912252044677734375e+01
-3.069935989379882812e+01	9.718190193176269531e+00
-1.363322906494140625e+02	7.745409965515136719e+00
3.870003437500000000e+05	2.369580030441284180e+00
2.183457565307617188e+01	6.153729915618896484e+00
4.644822311401367188e+01	3.060050010681152344e+00
1.729896697998046875e+02	1.457166957855224609e+01
8.960533142089843750e+01	2.702490091323852539e+00
3.181789245605468750e+02	2.008649063110351562e+01
3.429136276245117188e+01	1.212812042236328125e+01
-1.580476760864257812e+01	1.482948017120361328e+01
-2.351878814697265625e+02	1.210569953918457031e+01
1.891721725463867188e+01	1.333868980407714844e+01
5.704020309448242188e+01	1.258769035339355469e+01
-1.443637847900390625e+02	3.046600103378295898e+00
1.542893600463867188e+01	1.281186008453369141e+01
1.343189620971679688e+01	1.614093017578125000e+01
2.520371627807617188e+01	8.709380149841308594e+00
3.370503234863281250e+02	1.629785919189453125e+01
-3.362617492675781250e-01	1.359648990631103516e+01
3.294231414794921875e+00	1.345077991485595703e+01
4.044653625488281250e+02	1.524420022964477539e+00
2.408811569213867188e+01	1.378705024719238281e+01
3.299369812011718750e+02	1.714974021911621094e+01
1.735690063476562500e+03	2.119620084762573242e+00
-8.570729064941406250e+01	1.681347084045410156e+01
1.641648483276367188e+01	1.320417976379394531e+01
2.749616210937500000e+03	9.751810073852539062e+00
2.389243698120117188e+01	1.422420024871826172e+01
2.835770797729492188e+01	1.535630035400390625e+01
2.303220214843750000e+03	1.490793991088867188e+01
-1.860170364379882812e+01	1.154524993896484375e+01
2.202654571533203125e+02	1.947000026702880859e+00
-5.226597900390625000e+02	8.182559967041015625e+00
3.374370574951171875e+00	1.032347011566162109e+01
1.012268218994140625e+02	1.361890983581542969e+01
2.560606002807617188e+01	1.107446956634521484e+01
4.547129440307617188e+01	1.146679019927978516e+01
-1.071901321411132812e+01	1.493035984039306641e+01
9.475230407714843750e+01	1.210569953918457031e+01
-1.931390502929687500e+03	1.171337985992431641e+01
-4.104022979736328125e+00	2.231707954406738281e+01
-4.976949768066406250e+02	1.490793991088867188e+01
-3.786940002441406250e+02	2.230587005615234375e+01
3.073862838745117188e+01	1.347319030761718750e+01
3.059990937500000000e+05	2.174540042877197266e+00
4.646177291870117188e+01	1.209449005126953125e+01
-2.175082855224609375e+02	1.012170982360839844e+01
1.949052047729492188e+01	1.277824020385742188e+01
3.304297485351562500e+02	1.871899962425231934e+00
-2.356028320312500000e+03	4.959969997406005859e+00
-1.050297927856445312e+01	1.336110973358154297e+01
1.659819183349609375e+02	1.502003002166748047e+01
1.776353073120117188e+01	2.629630088806152344e+00
1.504177703857421875e+02	1.376463031768798828e+01
-1.007278198242187500e+03	1.156766986846923828e+01
3.774456024169921875e+00	1.580465984344482422e+01
1.092052459716796875e+02	1.737392044067382812e+01
-2.044600296020507812e+01	1.657807922363281250e+01
9.963038330078125000e+02	9.430000305175781250e+00
-6.565204620361328125e+00	1.055885982513427734e+01
3.523660583496093750e+02	1.345077991485595703e+01
3.727402877807617188e+01	1.244196987152099609e+01
4.145505676269531250e+02	1.604005050659179688e+01
5.568003463745117188e+01	1.431387042999267578e+01
4.455178437500000000e+05	1.434749960899353027e+00
-7.031190490722656250e+01	1.759810066223144531e+01
-1.317976760864257812e+01	1.274460983276367188e+01
3.512803268432617188e+01	1.346199035644531250e+01
5.722484375000000000e+05	1.126500010490417480e+00
2.244204254150390625e+02	1.692555999755859375e+01
3.256000671386718750e+02	1.573740959167480469e+01
9.902281188964843750e+01	1.681347084045410156e+01
2.944126510620117188e+01	1.383187961578369141e+01
-1.974994659423828125e+00	9.101690292358398438e+00
-7.080371856689453125e+00	1.338352012634277344e+01
2.766892623901367188e+01	1.311450958251953125e+01
5.025913619995117188e+01	1.368616962432861328e+01
-1.140587310791015625e+02	1.232987976074218750e+01
3.761606979370117188e+01	1.266615009307861328e+01
-1.137367095947265625e+02	2.219379901885986328e+00
