Predicted	Measured
1.936866521835327148e+00	1.067094993591308594e+01
1.580732631683349609e+01	1.604005050659179688e+01
1.936866521835327148e+00	1.098480033874511719e+01
1.481554508209228516e+01	1.376463031768798828e+01
1.082602119445800781e+01	1.490793991088867188e+01
2.087068176269531250e+01	1.625301933288574219e+01
1.671975708007812500e+01	1.490793991088867188e+01
1.301414012908935547e+01	1.670137977600097656e+01
1.936866521835327148e+00	1.281970024108886719e+00
1.936866521835327148e+00	2.174540042877197266e+00
1.936866521835327148e+00	1.524420022964477539e+00
1.936866521835327148e+00	1.947000026702880859e+00
2.008594894409179688e+01	1.714974021911621094e+01
1.591920757293701172e+01	1.361890983581542969e+01
1.470825290679931641e+01	1.681347084045410156e+01
1.936866521835327148e+00	1.635390090942382812e+01
1.936866521835327148e+00	1.156766986846923828e+01
1.631007766723632812e+01	1.422420024871826172e+01
1.307678794860839844e+01	1.502003002166748047e+01
1.936866521835327148e+00	1.126500010490417480e+00
1.936866521835327148e+00	1.336110973358154297e+01
1.286072063446044922e+01	1.513212013244628906e+01
1.400871849060058594e+01	1.277824020385742188e+01
1.304248142242431641e+01	1.368616962432861328e+01
1.936866521835327148e+00	4.259409904479980469e+00
4.972595214843750000e+00	1.431387042999267578e+01
1.936866521835327148e+00	1.378705024719238281e+01
1.199696350097656250e+01	9.415539741516113281e+00
1.936866521835327148e+00	1.482948017120361328e+01
2.798274517059326172e+00	1.759810066223144531e+01
1.936866521835327148e+00	1.899921989440917969e+01
3.907353639602661133e+00	4.010000228881835938e+00
1.622929573059082031e+01	2.008649063110351562e+01
1.093908882141113281e+01	1.210569953918457031e+01
1.936866521835327148e+00	2.678950071334838867e+00
1.175115394592285156e+01	1.032347011566162109e+01
1.587874126434326172e+01	1.657807922363281250e+01
1.421446418762207031e+01	1.692555999755859375e+01
1.936866521835327148e+00	1.636510014533996582e+00
1.557797908782958984e+01	1.275582027435302734e+01
1.237747859954833984e+01	1.209449005126953125e+01
1.447065830230712891e+01	1.535630035400390625e+01
1.133790683746337891e+01	1.346199035644531250e+01
1.484142017364501953e+01	1.614093017578125000e+01
1.335489273071289062e+01	1.643236923217773438e+01
1.649873733520507812e+01	1.457166957855224609e+01
1.632894515991210938e+01	1.898801040649414062e+01
1.194406318664550781e+01	1.055885982513427734e+01
1.936866521835327148e+00	1.266615009307861328e+01
1.324711894989013672e+01	1.212812042236328125e+01
1.936866521835327148e+00	1.434749960899353027e+00
2.145106506347656250e+01	1.573740959167480469e+01
1.574612808227539062e+01	1.640995025634765625e+01
1.305037021636962891e+01	1.602883911132812500e+01
1.936866521835327148e+00	1.258769035339355469e+01
1.543262481689453125e+01	1.300242042541503906e+01
1.936866521835327148e+00	2.119620084762573242e+00
1.321311855316162109e+01	1.274460983276367188e+01
1.412112331390380859e+01	9.919949531555175781e+00
1.237584114074707031e+01	1.107446956634521484e+01
1.270052146911621094e+01	2.230587005615234375e+01
4.972595214843750000e+00	8.182559967041015625e+00
7.551896095275878906e+00	1.146679019927978516e+01
1.026509857177734375e+01	1.154524993896484375e+01
1.518474292755126953e+01	1.210569953918457031e+01
1.277287197113037109e+01	1.345077991485595703e+01
1.490541648864746094e+01	1.334990024566650391e+01
1.457613372802734375e+01	1.165734004974365234e+01
1.650456809997558594e+01	1.604005050659179688e+01
1.936866521835327148e+00	1.871899962425231934e+00
1.419568443298339844e+01	1.422420024871826172e+01
1.496664619445800781e+01	1.912252044677734375e+01
1.936866521835327148e+00	1.412331962585449219e+01
1.462554264068603516e+01	1.629785919189453125e+01
1.936866521835327148e+00	2.369580030441284180e+00
1.936866521835327148e+00	8.048049926757812500e+00
1.936866521835327148e+00	1.132106971740722656e+01
1.936866521835327148e+00	1.012170982360839844e+01
1.279246520996093750e+01	1.008808040618896484e+01
1.936866521835327148e+00	6.153729915618896484e+00
1.936866521835327148e+00	1.000000000000000000e+00
1.936866521835327148e+00	9.430000305175781250e+00
1.936866521835327148e+00	2.702490091323852539e+00
1.936866521835327148e+00	6.859899997711181641e+00
1.104924106597900391e+01	8.709380149841308594e+00
1.177701187133789062e+01	1.305846023559570312e+01
1.165366458892822266e+01	1.383187961578369141e+01
1.936866521835327148e+00	3.046600103378295898e+00
1.936866521835327148e+00	3.060050010681152344e+00
1.271399497985839844e+01	1.240834045410156250e+01
1.936866521835327148e+00	1.580465984344482422e+01
1.936866521835327148e+00	1.311450958251953125e+01
1.937234497070312500e+01	1.912252044677734375e+01
1.345793437957763672e+01	1.209449005126953125e+01
1.936866521835327148e+00	1.600642013549804688e+01
1.936866521835327148e+00	9.751810073852539062e+00
9.921977996826171875e+00	9.718190193176269531e+00
1.212089443206787109e+01	1.201603031158447266e+01
1.936866521835327148e+00	3.710170030593872070e+00
1.430634403228759766e+01	1.468375968933105469e+01
1.936866521835327148e+00	2.629630088806152344e+00
1.585479831695556641e+01	1.782228088378906250e+01
1.936866521835327148e+00	1.171337985992431641e+01
1.197595882415771484e+01	1.244196987152099609e+01
1.508261775970458984e+01	1.493035984039306641e+01
1.936866521835327148e+00	1.340594005584716797e+01
1.071220874786376953e+01	9.101690292358398438e+00
1.515119934082031250e+01	1.320417976379394531e+01
1.936866521835327148e+00	4.864699840545654297e+00
1.250031661987304688e+01	1.232987976074218750e+01
1.550891208648681641e+01	1.345077991485595703e+01
1.936866521835327148e+00	1.737392044067382812e+01
1.936866521835327148e+00	2.219379901885986328e+00
1.936866521835327148e+00	1.681347084045410156e+01
1.936866521835327148e+00	4.959969997406005859e+00
1.193356513977050781e+01	1.266615009307861328e+01
1.283811855316162109e+01	1.347319030761718750e+01
1.936866521835327148e+00	1.225142002105712891e+01
1.489320659637451172e+01	1.721698951721191406e+01
1.936866521835327148e+00	4.710010051727294922e+00
1.936866521835327148e+00	1.338352012634277344e+01
1.936866521835327148e+00	7.745409965515136719e+00
1.936866521835327148e+00	1.333868980407714844e+01
1.264920711517333984e+01	1.281186008453369141e+01
1.936866521835327148e+00	2.231707954406738281e+01
1.546236133575439453e+01	1.359648990631103516e+01
