Predicted	Measured
-1.196629714965820312e+01	1.871899962425231934e+00
3.067927360534667969e+00	8.182559967041015625e+00
1.073522949218750000e+01	1.154524993896484375e+01
6.705775260925292969e-01	1.171337985992431641e+01
-1.050306320190429688e+00	1.000000000000000000e+00
-1.755104064941406250e+00	1.635390090942382812e+01
-2.546500205993652344e+00	2.219379901885986328e+00
2.302361965179443359e+00	1.338352012634277344e+01
1.161422157287597656e+01	1.345077991485595703e+01
1.945877265930175781e+01	1.573740959167480469e+01
1.588186359405517578e+01	1.604005050659179688e+01
1.171548748016357422e+01	1.107446956634521484e+01
-3.915911674499511719e+00	1.434749960899353027e+00
1.625457572937011719e+01	2.008649063110351562e+01
1.528860664367675781e+01	1.912252044677734375e+01
1.541728687286376953e+01	1.457166957855224609e+01
-2.894269943237304688e+00	2.369580030441284180e+00
-2.880858421325683594e+00	8.048049926757812500e+00
1.174530696868896484e+01	1.274460983276367188e+01
-1.444242954254150391e+00	1.225142002105712891e+01
1.117115116119384766e+01	1.490793991088867188e+01
1.522715377807617188e+01	1.361890983581542969e+01
1.670026969909667969e+01	1.912252044677734375e+01
-4.019898414611816406e+00	1.126500010490417480e+00
-2.909958839416503906e+00	2.174540042877197266e+00
-4.356904029846191406e+00	4.710010051727294922e+00
1.474523258209228516e+01	1.629785919189453125e+01
1.293630409240722656e+01	1.277824020385742188e+01
1.174977588653564453e+01	1.008808040618896484e+01
-2.081840515136718750e+00	1.378705024719238281e+01
-2.303407192230224609e-01	1.899921989440917969e+01
1.355360031127929688e+01	1.244196987152099609e+01
1.183290481567382812e+01	1.422420024871826172e+01
-5.952282905578613281e+00	1.636510014533996582e+00
1.376353454589843750e+01	1.625301933288574219e+01
-1.415627479553222656e+00	1.737392044067382812e+01
1.273848819732666016e+01	1.320417976379394531e+01
-1.202838897705078125e+00	1.258769035339355469e+01
1.638941574096679688e+01	1.681347084045410156e+01
1.370767211914062500e+01	1.368616962432861328e+01
-2.735242843627929688e+00	6.153729915618896484e+00
1.394101142883300781e+01	1.535630035400390625e+01
1.171014022827148438e+01	1.055885982513427734e+01
-3.792678833007812500e+00	3.710170030593872070e+00
1.455790901184082031e+01	1.643236923217773438e+01
-1.870816230773925781e+00	9.430000305175781250e+00
1.175073146820068359e+01	1.201603031158447266e+01
1.313490962982177734e+01	1.334990024566650391e+01
-2.135568618774414062e+00	2.119620084762573242e+00
2.113786697387695312e+01	1.721698951721191406e+01
1.504018783569335938e+01	1.614093017578125000e+01
1.292819976806640625e+01	1.490793991088867188e+01
-5.403442382812500000e+00	2.702490091323852539e+00
1.106329679489135742e+00	1.067094993591308594e+01
1.311913967132568359e+01	1.305846023559570312e+01
1.348534107208251953e+01	1.240834045410156250e+01
1.162183380126953125e+01	9.415539741516113281e+00
1.196915721893310547e+01	1.468375968933105469e+01
1.440791893005371094e+01	1.210569953918457031e+01
-2.280745506286621094e+00	1.012170982360839844e+01
2.432141780853271484e+00	1.580465984344482422e+01
1.195219898223876953e+01	1.275582027435302734e+01
1.377777862548828125e+01	2.230587005615234375e+01
-3.079930782318115234e+00	3.046600103378295898e+00
-3.917981624603271484e+00	6.859899997711181641e+00
2.870279073715209961e+00	1.482948017120361328e+01
1.320526790618896484e+01	1.281186008453369141e+01
1.330198860168457031e+01	1.670137977600097656e+01
1.158625507354736328e+01	1.266615009307861328e+01
-2.673875808715820312e+00	2.629630088806152344e+00
1.138484859466552734e+01	1.232987976074218750e+01
1.473271179199218750e+01	1.602883911132812500e+01
1.642395496368408203e+00	1.600642013549804688e+01
-5.085386276245117188e+00	3.060050010681152344e+00
1.040183830261230469e+01	1.502003002166748047e+01
1.405987167358398438e+01	1.359648990631103516e+01
2.363804340362548828e+00	1.132106971740722656e+01
1.094063758850097656e+01	9.718190193176269531e+00
3.097179174423217773e+00	1.146679019927978516e+01
1.113002014160156250e+01	1.032347011566162109e+01
-8.616957664489746094e-01	7.745409965515136719e+00
1.164504241943359375e+01	1.209449005126953125e+01
-4.249706745147705078e+00	4.259409904479980469e+00
1.245814800262451172e+00	1.412331962585449219e+01
1.398529052734375000e+01	1.345077991485595703e+01
-2.980439186096191406e+00	1.156766986846923828e+01
-3.381381034851074219e-01	4.010000228881835938e+00
3.199882030487060547e+00	2.231707954406738281e+01
1.154832839965820312e+00	1.311450958251953125e+01
1.398746871948242188e+01	1.383187961578369141e+01
1.547101402282714844e+01	1.493035984039306641e+01
1.526117706298828125e+01	1.657807922363281250e+01
7.887528896331787109e+00	1.431387042999267578e+01
1.395995712280273438e+01	1.376463031768798828e+01
1.554250335693359375e+01	1.513212013244628906e+01
-2.114537239074707031e+00	4.864699840545654297e+00
1.735808610916137695e+00	9.751810073852539062e+00
1.482065320014953613e+00	1.681347084045410156e+01
-2.640495300292968750e+00	1.098480033874511719e+01
2.691992759704589844e+00	1.340594005584716797e+01
1.259121513366699219e+01	1.346199035644531250e+01
1.273705577850341797e+01	9.919949531555175781e+00
-5.045459270477294922e-01	1.266615009307861328e+01
1.235657119750976562e+01	1.210569953918457031e+01
1.521637153625488281e+01	1.782228088378906250e+01
1.247267913818359375e+01	1.422420024871826172e+01
1.258094787597656250e+01	1.692555999755859375e+01
-7.928771972656250000e+00	1.524420022964477539e+00
-4.628650665283203125e+00	1.281970024108886719e+00
-1.062898635864257812e+00	2.678950071334838867e+00
1.990528106689453125e+00	1.333868980407714844e+01
1.024764633178710938e+01	1.212812042236328125e+01
1.234482765197753906e+01	1.759810066223144531e+01
1.669625091552734375e+01	1.898801040649414062e+01
1.342310237884521484e+01	1.347319030761718750e+01
1.738627433776855469e+01	1.604005050659179688e+01
1.095889282226562500e+01	9.101690292358398438e+00
-2.639661788940429688e+00	4.959969997406005859e+00
-1.149412441253662109e+01	1.947000026702880859e+00
1.894331359863281250e+01	1.714974021911621094e+01
1.701108551025390625e+01	1.640995025634765625e+01
1.149425601959228516e+01	1.209449005126953125e+01
1.224318981170654297e+00	1.336110973358154297e+01
1.443185424804687500e+01	1.165734004974365234e+01
1.133335399627685547e+01	8.709380149841308594e+00
1.450641059875488281e+01	1.300242042541503906e+01
