Predicted	Measured
6.332137584686279297e+00	1.338352012634277344e+01
1.485036087036132812e+01	1.898801040649414062e+01
1.337370300292968750e+01	1.274460983276367188e+01
1.016687583923339844e+01	8.709380149841308594e+00
1.186563110351562500e+01	1.721698951721191406e+01
1.323590946197509766e+01	1.490793991088867188e+01
1.968613028526306152e+00	1.281970024108886719e+00
1.968613028526306152e+00	1.012170982360839844e+01
1.442947959899902344e+01	1.614093017578125000e+01
1.968613028526306152e+00	1.899921989440917969e+01
1.968613028526306152e+00	2.119620084762573242e+00
2.080608367919921875e+00	1.146679019927978516e+01
1.968613028526306152e+00	9.430000305175781250e+00
1.968613028526306152e+00	1.600642013549804688e+01
1.968613028526306152e+00	1.524420022964477539e+00
1.968613028526306152e+00	2.174540042877197266e+00
1.284366035461425781e+01	1.345077991485595703e+01
1.968613028526306152e+00	1.412331962585449219e+01
1.237054920196533203e+01	1.431387042999267578e+01
1.126696777343750000e+01	1.210569953918457031e+01
1.307677078247070312e+01	1.347319030761718750e+01
1.968613028526306152e+00	8.048049926757812500e+00
1.968613028526306152e+00	1.266615009307861328e+01
1.968613028526306152e+00	1.434749960899353027e+00
1.968613028526306152e+00	4.959969997406005859e+00
1.735294532775878906e+01	1.573740959167480469e+01
1.458025264739990234e+01	9.919949531555175781e+00
1.366081047058105469e+01	1.513212013244628906e+01
1.243861198425292969e+01	1.346199035644531250e+01
1.458159828186035156e+01	1.361890983581542969e+01
2.352600336074829102e+00	1.171337985992431641e+01
1.672480201721191406e+01	1.714974021911621094e+01
1.968613028526306152e+00	1.378705024719238281e+01
2.468166589736938477e+00	1.340594005584716797e+01
1.307126045227050781e+01	1.345077991485595703e+01
1.400983810424804688e+01	1.376463031768798828e+01
3.818120479583740234e+00	9.751810073852539062e+00
1.968613028526306152e+00	1.126500010490417480e+00
1.968613028526306152e+00	1.737392044067382812e+01
1.228201866149902344e+01	1.275582027435302734e+01
1.265848064422607422e+01	1.165734004974365234e+01
1.063579750061035156e+01	9.718190193176269531e+00
1.968613028526306152e+00	6.859899997711181641e+00
1.968613028526306152e+00	4.710010051727294922e+00
1.557200241088867188e+01	2.008649063110351562e+01
3.770812511444091797e+00	1.132106971740722656e+01
1.968613028526306152e+00	2.231707954406738281e+01
1.535171604156494141e+01	1.604005050659179688e+01
1.968613028526306152e+00	6.153729915618896484e+00
1.968613028526306152e+00	1.636510014533996582e+00
1.968613028526306152e+00	4.259409904479980469e+00
1.603921508789062500e+01	1.912252044677734375e+01
1.069365882873535156e+01	1.334990024566650391e+01
1.528938007354736328e+01	1.640995025634765625e+01
1.164780616760253906e+01	1.320417976379394531e+01
1.968613028526306152e+00	2.369580030441284180e+00
1.060040664672851562e+01	1.281186008453369141e+01
1.239883232116699219e+01	1.670137977600097656e+01
1.370607185363769531e+01	1.422420024871826172e+01
1.968613028526306152e+00	4.864699840545654297e+00
1.133155536651611328e+01	1.201603031158447266e+01
1.415621376037597656e+01	1.681347084045410156e+01
1.125670433044433594e+01	1.107446956634521484e+01
1.355061721801757812e+01	1.643236923217773438e+01
1.102685546875000000e+01	1.212812042236328125e+01
1.080337047576904297e+01	1.383187961578369141e+01
2.212570428848266602e+00	1.333868980407714844e+01
1.390572071075439453e+01	1.604005050659179688e+01
1.968613028526306152e+00	1.000000000000000000e+00
8.748143196105957031e+00	1.490793991088867188e+01
1.968613028526306152e+00	1.311450958251953125e+01
1.201675033569335938e+01	1.468375968933105469e+01
1.332894134521484375e+01	1.493035984039306641e+01
1.968613028526306152e+00	1.336110973358154297e+01
1.968613028526306152e+00	1.580465984344482422e+01
7.658199787139892578e+00	1.502003002166748047e+01
9.769005775451660156e+00	1.232987976074218750e+01
1.968613028526306152e+00	3.710170030593872070e+00
9.793834686279296875e+00	1.055885982513427734e+01
1.350780010223388672e+01	1.300242042541503906e+01
1.648252105712890625e+01	1.535630035400390625e+01
4.541722774505615234e+00	8.182559967041015625e+00
1.137327003479003906e+01	1.277824020385742188e+01
1.060946941375732422e+01	9.415539741516113281e+00
1.466834640502929688e+01	1.210569953918457031e+01
1.191475296020507812e+01	1.692555999755859375e+01
1.968613028526306152e+00	1.098480033874511719e+01
1.298228263854980469e+01	1.305846023559570312e+01
1.426556491851806641e+01	1.359648990631103516e+01
2.204088687896728516e+00	4.010000228881835938e+00
1.968613028526306152e+00	2.219379901885986328e+00
1.064775943756103516e+01	1.625301933288574219e+01
1.216719627380371094e+01	1.266615009307861328e+01
1.216237831115722656e+01	1.209449005126953125e+01
1.399859523773193359e+01	1.629785919189453125e+01
1.499354553222656250e+01	1.457166957855224609e+01
1.307677078247070312e+01	1.244196987152099609e+01
1.968613028526306152e+00	3.046600103378295898e+00
1.348541831970214844e+01	1.657807922363281250e+01
1.968613028526306152e+00	2.629630088806152344e+00
1.968613028526306152e+00	1.681347084045410156e+01
1.351403999328613281e+01	1.782228088378906250e+01
1.968613028526306152e+00	1.947000026702880859e+00
9.415896415710449219e+00	1.154524993896484375e+01
1.307677078247070312e+01	1.422420024871826172e+01
1.269242477416992188e+01	1.368616962432861328e+01
1.968613028526306152e+00	3.060050010681152344e+00
1.968613028526306152e+00	1.871899962425231934e+00
9.025128364562988281e+00	1.209449005126953125e+01
1.968613028526306152e+00	2.678950071334838867e+00
1.968613028526306152e+00	1.635390090942382812e+01
1.968613028526306152e+00	1.225142002105712891e+01
1.968613028526306152e+00	2.702490091323852539e+00
1.968613028526306152e+00	1.482948017120361328e+01
1.327614879608154297e+01	1.602883911132812500e+01
1.426903343200683594e+01	1.912252044677734375e+01
1.968613028526306152e+00	1.759810066223144531e+01
1.301407241821289062e+01	1.240834045410156250e+01
1.968613028526306152e+00	1.258769035339355469e+01
9.366105079650878906e+00	1.008808040618896484e+01
4.478774547576904297e+00	1.067094993591308594e+01
1.240269088745117188e+01	2.230587005615234375e+01
1.968613028526306152e+00	7.745409965515136719e+00
1.045283889770507812e+01	1.032347011566162109e+01
9.632093429565429688e+00	9.101690292358398438e+00
1.968613028526306152e+00	1.156766986846923828e+01
