Predicted	Measured
1.151295852661132812e+01	1.266615009307861328e+01
1.246471595764160156e+01	1.490793991088867188e+01
1.252008056640625000e+01	1.240834045410156250e+01
1.192707633972167969e+01	1.346199035644531250e+01
1.246889495849609375e+01	1.468375968933105469e+01
1.374744415283203125e+01	1.274460983276367188e+01
1.203667831420898438e+01	1.209449005126953125e+01
1.005985641479492188e+01	1.502003002166748047e+01
2.619293451309204102e+00	1.412331962585449219e+01
1.640386962890625000e+01	2.008649063110351562e+01
1.358712387084960938e+01	1.345077991485595703e+01
2.619293451309204102e+00	7.745409965515136719e+00
1.060569000244140625e+01	9.101690292358398438e+00
2.619293451309204102e+00	2.629630088806152344e+00
2.619293451309204102e+00	1.146679019927978516e+01
1.729436492919921875e+01	1.640995025634765625e+01
1.468702507019042969e+01	1.513212013244628906e+01
2.619293451309204102e+00	1.156766986846923828e+01
1.190235519409179688e+01	1.210569953918457031e+01
2.619293451309204102e+00	9.751810073852539062e+00
1.372916793823242188e+01	1.643236923217773438e+01
2.619293451309204102e+00	1.681347084045410156e+01
3.207427978515625000e+00	1.482948017120361328e+01
1.334101104736328125e+01	1.422420024871826172e+01
2.619293451309204102e+00	1.434749960899353027e+00
1.508832359313964844e+01	1.210569953918457031e+01
2.619293451309204102e+00	1.098480033874511719e+01
2.619293451309204102e+00	2.174540042877197266e+00
2.619293451309204102e+00	3.710170030593872070e+00
1.750714111328125000e+01	1.573740959167480469e+01
2.619293451309204102e+00	1.171337985992431641e+01
9.408454895019531250e+00	1.154524993896484375e+01
1.578686714172363281e+01	1.165734004974365234e+01
2.619293451309204102e+00	2.219379901885986328e+00
1.301071548461914062e+01	1.334990024566650391e+01
1.651827430725097656e+01	1.714974021911621094e+01
2.619293451309204102e+00	2.230587005615234375e+01
1.531066703796386719e+01	1.457166957855224609e+01
1.643684959411621094e+01	1.604005050659179688e+01
1.301843452453613281e+01	1.275582027435302734e+01
1.450342941284179688e+01	1.376463031768798828e+01
1.159736251831054688e+01	1.347319030761718750e+01
2.619293451309204102e+00	9.430000305175781250e+00
2.619293451309204102e+00	3.046600103378295898e+00
1.454873085021972656e+01	1.604005050659179688e+01
1.064339637756347656e+01	1.212812042236328125e+01
2.619293451309204102e+00	1.225142002105712891e+01
2.619293451309204102e+00	2.119620084762573242e+00
1.664197731018066406e+01	1.912252044677734375e+01
1.292922210693359375e+01	1.320417976379394531e+01
1.699856376647949219e+01	1.898801040649414062e+01
2.619293451309204102e+00	1.126500010490417480e+00
1.509048843383789062e+01	1.681347084045410156e+01
1.440243530273437500e+01	1.614093017578125000e+01
2.619293451309204102e+00	4.010000228881835938e+00
2.619293451309204102e+00	1.636510014533996582e+00
1.174959182739257812e+01	1.670137977600097656e+01
1.274073219299316406e+01	1.281186008453369141e+01
2.619293451309204102e+00	1.580465984344482422e+01
1.014509391784667969e+01	9.718190193176269531e+00
1.060698890686035156e+01	1.244196987152099609e+01
1.399336242675781250e+01	1.692555999755859375e+01
2.619293451309204102e+00	8.182559967041015625e+00
2.619293451309204102e+00	1.132106971740722656e+01
2.619293451309204102e+00	1.281970024108886719e+00
1.557041168212890625e+01	1.493035984039306641e+01
2.619293451309204102e+00	1.378705024719238281e+01
5.996150493621826172e+00	1.721698951721191406e+01
1.330159378051757812e+01	1.602883911132812500e+01
2.619293451309204102e+00	1.000000000000000000e+00
1.212742233276367188e+01	9.919949531555175781e+00
3.991391181945800781e+00	1.336110973358154297e+01
1.244576644897460938e+01	1.422420024871826172e+01
2.619293451309204102e+00	1.600642013549804688e+01
2.619293451309204102e+00	1.311450958251953125e+01
2.619293451309204102e+00	1.871899962425231934e+00
1.243963241577148438e+01	1.305846023559570312e+01
2.619293451309204102e+00	1.333868980407714844e+01
2.619293451309204102e+00	1.338352012634277344e+01
2.619293451309204102e+00	4.710010051727294922e+00
2.619293451309204102e+00	2.678950071334838867e+00
1.584646415710449219e+01	1.912252044677734375e+01
2.619293451309204102e+00	1.759810066223144531e+01
1.234032630920410156e+01	1.625301933288574219e+01
2.619293451309204102e+00	3.060050010681152344e+00
1.181886291503906250e+01	1.107446956634521484e+01
2.619293451309204102e+00	1.737392044067382812e+01
1.019126129150390625e+01	1.032347011566162109e+01
1.546190643310546875e+01	1.629785919189453125e+01
9.695100784301757812e+00	9.415539741516113281e+00
2.619293451309204102e+00	1.258769035339355469e+01
2.619293451309204102e+00	2.369580030441284180e+00
2.619293451309204102e+00	4.259409904479980469e+00
2.619293451309204102e+00	1.635390090942382812e+01
2.912292957305908203e+00	1.067094993591308594e+01
2.619293451309204102e+00	1.947000026702880859e+00
1.289447975158691406e+01	1.345077991485595703e+01
2.619293451309204102e+00	1.266615009307861328e+01
1.446488571166992188e+01	1.359648990631103516e+01
2.619293451309204102e+00	8.048049926757812500e+00
1.255776977539062500e+01	1.008808040618896484e+01
2.619293451309204102e+00	4.959969997406005859e+00
2.619293451309204102e+00	1.524420022964477539e+00
2.619293451309204102e+00	6.153729915618896484e+00
1.142902946472167969e+01	1.201603031158447266e+01
1.268843460083007812e+01	1.209449005126953125e+01
2.619293451309204102e+00	2.702490091323852539e+00
2.619293451309204102e+00	6.859899997711181641e+00
1.260623359680175781e+01	1.232987976074218750e+01
2.619293451309204102e+00	4.864699840545654297e+00
1.509766006469726562e+01	1.361890983581542969e+01
1.265946960449218750e+01	1.368616962432861328e+01
1.232118606567382812e+01	1.490793991088867188e+01
1.575212287902832031e+01	1.657807922363281250e+01
2.619293451309204102e+00	1.899921989440917969e+01
1.315603446960449219e+01	1.535630035400390625e+01
2.619293451309204102e+00	1.012170982360839844e+01
8.127569198608398438e+00	1.340594005584716797e+01
1.181893539428710938e+01	1.055885982513427734e+01
2.619293451309204102e+00	1.431387042999267578e+01
2.619293451309204102e+00	2.231707954406738281e+01
1.033200454711914062e+01	8.709380149841308594e+00
1.310029411315917969e+01	1.277824020385742188e+01
3.872307777404785156e+00	1.782228088378906250e+01
1.290704536437988281e+01	1.383187961578369141e+01
1.408276557922363281e+01	1.300242042541503906e+01
