Predicted	Measured
1.747007751464843750e+01	1.573740959167480469e+01
4.245569229125976562e+00	6.153729915618896484e+00
8.627058029174804688e+00	1.232987976074218750e+01
1.361234378814697266e+01	1.281186008453369141e+01
4.439086437225341797e+00	1.012170982360839844e+01
9.217701911926269531e+00	1.635390090942382812e+01
9.816820144653320312e+00	1.266615009307861328e+01
1.005116271972656250e+01	9.718190193176269531e+00
6.718817234039306641e+00	1.225142002105712891e+01
1.629171609878540039e+00	3.046600103378295898e+00
1.407017803192138672e+01	1.300242042541503906e+01
8.654893875122070312e+00	1.258769035339355469e+01
1.476109409332275391e+01	1.493035984039306641e+01
1.629171609878540039e+00	1.434749960899353027e+00
1.629171609878540039e+00	4.864699840545654297e+00
1.375741481781005859e+01	1.422420024871826172e+01
1.477287673950195312e+01	1.209449005126953125e+01
1.130473899841308594e+01	1.107446956634521484e+01
1.151732635498046875e+01	1.737392044067382812e+01
1.146875667572021484e+01	1.209449005126953125e+01
4.523566246032714844e+00	1.636510014533996582e+00
4.384305000305175781e+00	1.378705024719238281e+01
1.127910423278808594e+01	1.244196987152099609e+01
1.568519115447998047e+01	1.361890983581542969e+01
8.182776451110839844e+00	1.146679019927978516e+01
1.164120578765869141e+01	1.580465984344482422e+01
1.656811952590942383e+00	1.000000000000000000e+00
1.208714866638183594e+01	1.431387042999267578e+01
1.374471473693847656e+01	1.346199035644531250e+01
1.540156936645507812e+01	1.457166957855224609e+01
1.395798969268798828e+01	1.320417976379394531e+01
1.204145622253417969e+01	1.359648990631103516e+01
1.656319427490234375e+01	2.008649063110351562e+01
2.306127929687500000e+01	1.625301933288574219e+01
1.717243671417236328e+00	2.119620084762573242e+00
1.663934707641601562e+00	4.259409904479980469e+00
1.642423033714294434e+00	2.174540042877197266e+00
7.845047473907470703e+00	1.171337985992431641e+01
2.478345870971679688e+00	4.710010051727294922e+00
9.777270317077636719e+00	1.899921989440917969e+01
1.166273498535156250e+01	2.230587005615234375e+01
1.375162315368652344e+01	1.275582027435302734e+01
1.191361141204833984e+01	1.368616962432861328e+01
1.520582675933837891e+01	1.240834045410156250e+01
1.135599613189697266e+01	1.008808040618896484e+01
9.856876373291015625e+00	2.231707954406738281e+01
1.156256484985351562e+01	1.055885982513427734e+01
1.579680728912353516e+01	1.640995025634765625e+01
9.746004104614257812e+00	1.333868980407714844e+01
4.235387325286865234e+00	6.859899997711181641e+00
9.130908012390136719e+00	1.412331962585449219e+01
1.196928882598876953e+01	1.681347084045410156e+01
1.629171609878540039e+00	2.219379901885986328e+00
1.154676246643066406e+01	1.692555999755859375e+01
9.135376930236816406e+00	8.709380149841308594e+00
6.554973125457763672e+00	1.067094993591308594e+01
9.730998992919921875e+00	1.311450958251953125e+01
1.629171609878540039e+00	1.126500010490417480e+00
8.689744949340820312e+00	8.182559967041015625e+00
1.385064411163330078e+01	1.912252044677734375e+01
1.724178194999694824e+00	4.959969997406005859e+00
1.313332557678222656e+01	1.782228088378906250e+01
1.420313930511474609e+01	1.670137977600097656e+01
1.629171609878540039e+00	2.629630088806152344e+00
1.518047332763671875e+01	1.604005050659179688e+01
1.187901210784912109e+01	8.048049926757812500e+00
5.785986900329589844e+00	9.751810073852539062e+00
7.064204216003417969e+00	9.101690292358398438e+00
1.256297016143798828e+01	1.759810066223144531e+01
1.242564868927001953e+01	1.210569953918457031e+01
1.538504981994628906e+01	1.604005050659179688e+01
1.189156055450439453e+01	1.336110973358154297e+01
1.112511825561523438e+01	1.338352012634277344e+01
1.335201168060302734e+01	9.919949531555175781e+00
3.370580673217773438e+00	3.060050010681152344e+00
9.239129066467285156e+00	1.340594005584716797e+01
1.502366447448730469e+01	1.345077991485595703e+01
9.632313728332519531e+00	1.154524993896484375e+01
1.483297729492187500e+01	1.274460983276367188e+01
4.719739913940429688e+00	1.132106971740722656e+01
1.418585205078125000e+01	1.376463031768798828e+01
1.531396389007568359e+01	1.681347084045410156e+01
1.516296195983886719e+01	1.602883911132812500e+01
1.540857601165771484e+01	1.721698951721191406e+01
8.997535705566406250e+00	1.871899962425231934e+00
3.739568233489990234e+00	3.710170030593872070e+00
1.428885173797607422e+01	1.657807922363281250e+01
1.257014656066894531e+01	1.468375968933105469e+01
5.577229022979736328e+00	2.702490091323852539e+00
1.265892696380615234e+01	1.482948017120361328e+01
6.336006164550781250e+00	9.430000305175781250e+00
8.848561286926269531e+00	1.165734004974365234e+01
1.085928440093994141e+01	1.490793991088867188e+01
1.246606540679931641e+01	1.345077991485595703e+01
1.629171609878540039e+00	2.369580030441284180e+00
7.177176952362060547e+00	1.524420022964477539e+00
1.140213584899902344e+01	1.347319030761718750e+01
1.305158519744873047e+01	1.266615009307861328e+01
1.103833484649658203e+01	1.600642013549804688e+01
1.319044208526611328e+01	1.502003002166748047e+01
1.078285884857177734e+01	1.334990024566650391e+01
1.466781806945800781e+01	1.912252044677734375e+01
1.629171609878540039e+00	2.678950071334838867e+00
1.371416282653808594e+01	1.614093017578125000e+01
7.971262454986572266e+00	1.947000026702880859e+00
4.179783821105957031e+00	4.010000228881835938e+00
1.629171609878540039e+00	1.281970024108886719e+00
5.233654975891113281e+00	1.098480033874511719e+01
1.605378341674804688e+01	1.898801040649414062e+01
1.561515998840332031e+01	1.714974021911621094e+01
1.495855140686035156e+01	1.643236923217773438e+01
2.163138628005981445e+00	7.745409965515136719e+00
1.580123424530029297e+01	1.210569953918457031e+01
1.269766044616699219e+01	1.032347011566162109e+01
1.553872299194335938e+01	1.513212013244628906e+01
1.465735816955566406e+01	1.629785919189453125e+01
1.257237243652343750e+01	1.277824020385742188e+01
6.697758197784423828e+00	1.156766986846923828e+01
1.083242321014404297e+01	1.535630035400390625e+01
1.035666561126708984e+01	1.212812042236328125e+01
1.126984786987304688e+01	1.305846023559570312e+01
1.171704292297363281e+01	1.201603031158447266e+01
9.707662582397460938e+00	1.422420024871826172e+01
1.377281856536865234e+01	9.415539741516113281e+00
1.067004203796386719e+01	1.383187961578369141e+01
8.615143775939941406e+00	1.490793991088867188e+01
