Predicted	Measured
1.303029632568359375e+01	8.048049926757812500e+00
1.392995834350585938e+01	1.346199035644531250e+01
1.325876140594482422e+01	1.502003002166748047e+01
1.361521148681640625e+01	1.614093017578125000e+01
2.706446886062622070e+00	4.010000228881835938e+00
1.384158039093017578e+01	1.368616962432861328e+01
8.511531829833984375e+00	2.702490091323852539e+00
1.284303188323974609e+01	1.201603031158447266e+01
1.217098236083984375e+01	1.032347011566162109e+01
1.342256927490234375e+01	1.482948017120361328e+01
2.528564643859863281e+01	1.212812042236328125e+01
1.079410839080810547e+01	8.709380149841308594e+00
1.340780067443847656e+01	1.580465984344482422e+01
1.137342739105224609e+01	1.334990024566650391e+01
1.449215316772460938e+01	1.300242042541503906e+01
1.333420848846435547e+01	9.718190193176269531e+00
1.422840976715087891e+01	1.165734004974365234e+01
1.595717811584472656e+01	1.640995025634765625e+01
1.164808273315429688e+01	1.008808040618896484e+01
1.397339916229248047e+01	1.912252044677734375e+01
9.074021339416503906e+00	1.947000026702880859e+00
1.069044208526611328e+01	1.333868980407714844e+01
1.538372516632080078e+01	1.513212013244628906e+01
1.406949996948242188e+01	1.345077991485595703e+01
1.415586090087890625e+01	1.275582027435302734e+01
3.054312467575073242e+00	2.629630088806152344e+00
-7.665947079658508301e-02	1.126500010490417480e+00
1.541042995452880859e+01	1.912252044677734375e+01
8.026769638061523438e+00	1.490793991088867188e+01
4.967802047729492188e+00	3.710170030593872070e+00
6.613665103912353516e+00	6.153729915618896484e+00
1.132868862152099609e+01	1.899921989440917969e+01
1.385058307647705078e+01	1.281186008453369141e+01
6.014037132263183594e+00	9.101690292358398438e+00
3.122848892211914062e+01	1.625301933288574219e+01
1.408520221710205078e+01	1.457166957855224609e+01
1.197273540496826172e+01	1.055885982513427734e+01
1.213258457183837891e+01	1.209449005126953125e+01
1.521572971343994141e+01	1.604005050659179688e+01
1.269029426574707031e+01	8.182559967041015625e+00
1.503664302825927734e+01	9.415539741516113281e+00
1.227258205413818359e+01	1.383187961578369141e+01
1.697677421569824219e+01	2.230587005615234375e+01
1.581824779510498047e+01	1.345077991485595703e+01
1.462150669097900391e+01	1.210569953918457031e+01
2.987203121185302734e+00	4.864699840545654297e+00
1.711645507812500000e+01	2.008649063110351562e+01
1.207386589050292969e+01	1.244196987152099609e+01
3.721347332000732422e+00	2.219379901885986328e+00
1.429223823547363281e+01	1.670137977600097656e+01
1.380209636688232422e+01	1.759810066223144531e+01
1.490028572082519531e+01	1.361890983581542969e+01
1.534540081024169922e+01	1.714974021911621094e+01
5.057761669158935547e+00	6.859899997711181641e+00
1.199721240997314453e+01	2.231707954406738281e+01
1.137277698516845703e+01	1.154524993896484375e+01
1.017309284210205078e+01	1.635390090942382812e+01
2.160859823226928711e+00	1.000000000000000000e+00
1.491082286834716797e+01	1.493035984039306641e+01
1.159737682342529297e+01	1.336110973358154297e+01
9.903011322021484375e+00	1.422420024871826172e+01
3.991189956665039062e+00	4.959969997406005859e+00
1.280622959136962891e+01	1.338352012634277344e+01
1.652070808410644531e+01	1.898801040649414062e+01
1.490706825256347656e+01	1.209449005126953125e+01
5.134626865386962891e+00	7.745409965515136719e+00
1.525579357147216797e+01	1.240834045410156250e+01
1.244668662548065186e-01	1.281970024108886719e+00
5.907649993896484375e+00	4.710010051727294922e+00
6.845932960510253906e+00	1.067094993591308594e+01
1.351468372344970703e+01	1.266615009307861328e+01
1.119013500213623047e+01	1.412331962585449219e+01
1.419267559051513672e+01	1.657807922363281250e+01
1.665135383605957031e+01	1.573740959167480469e+01
9.256024360656738281e+00	1.232987976074218750e+01
1.617066192626953125e+01	1.721698951721191406e+01
1.321052646636962891e+01	1.431387042999267578e+01
1.254156208038330078e+01	1.600642013549804688e+01
8.530571937561035156e+00	1.156766986846923828e+01
7.353198051452636719e+00	1.012170982360839844e+01
1.060174655914306641e+01	1.340594005584716797e+01
1.441719245910644531e+01	1.274460983276367188e+01
1.238422012329101562e+01	1.692555999755859375e+01
1.141154956817626953e+01	1.266615009307861328e+01
1.346890640258789062e+01	1.320417976379394531e+01
3.494215011596679688e+00	3.046600103378295898e+00
6.275063514709472656e+00	1.378705024719238281e+01
5.753971099853515625e+00	9.751810073852539062e+00
6.881293296813964844e+00	1.098480033874511719e+01
9.906153678894042969e+00	1.311450958251953125e+01
1.270553302764892578e+01	1.107446956634521484e+01
6.805593013763427734e+00	3.060050010681152344e+00
9.629345893859863281e+00	1.146679019927978516e+01
1.191291809082031250e+01	1.305846023559570312e+01
1.407649421691894531e+01	1.490793991088867188e+01
1.526923942565917969e+01	1.629785919189453125e+01
8.203870773315429688e+00	1.225142002105712891e+01
-3.161618113517761230e-02	1.434749960899353027e+00
1.541138172149658203e+01	1.602883911132812500e+01
1.556951045989990234e+01	1.681347084045410156e+01
6.155298709869384766e+00	1.132106971740722656e+01
8.483940124511718750e+00	1.171337985992431641e+01
6.904633522033691406e+00	9.430000305175781250e+00
1.504575157165527344e+01	1.643236923217773438e+01
2.613752603530883789e+00	4.259409904479980469e+00
6.587826728820800781e+00	1.636510014533996582e+00
1.212887763977050781e+00	2.174540042877197266e+00
9.037156105041503906e+00	1.524420022964477539e+00
1.406708049774169922e+01	1.468375968933105469e+01
1.487841606140136719e+01	1.604005050659179688e+01
1.228673744201660156e+01	1.359648990631103516e+01
1.361247062683105469e+01	1.376463031768798828e+01
1.354877471923828125e+00	2.678950071334838867e+00
1.198339939117431641e+01	1.535630035400390625e+01
1.388399028778076172e+01	1.347319030761718750e+01
1.346572041511535645e-01	2.369580030441284180e+00
3.718923091888427734e+00	2.119620084762573242e+00
1.071280002593994141e+01	1.871899962425231934e+00
1.476543521881103516e+01	1.422420024871826172e+01
9.851409912109375000e+00	1.258769035339355469e+01
1.370645618438720703e+01	1.681347084045410156e+01
1.266016674041748047e+01	1.277824020385742188e+01
1.597942733764648438e+01	1.210569953918457031e+01
1.433973789215087891e+01	1.782228088378906250e+01
1.348648738861083984e+01	1.737392044067382812e+01
1.471427059173583984e+01	9.919949531555175781e+00
