Predicted	Measured
1.048831844329833984e+01	1.154524993896484375e+01
9.843850135803222656e+00	6.859899997711181641e+00
6.499899864196777344e+00	1.000000000000000000e+00
1.200289058685302734e+01	1.346199035644531250e+01
1.319861507415771484e+01	1.165734004974365234e+01
1.089286136627197266e+01	1.107446956634521484e+01
1.311479473114013672e+01	1.359648990631103516e+01
9.446564674377441406e+00	9.430000305175781250e+00
1.415588760375976562e+01	1.274460983276367188e+01
1.526625537872314453e+01	1.629785919189453125e+01
8.151653289794921875e+00	2.629630088806152344e+00
1.382958698272705078e+01	1.681347084045410156e+01
1.304348373413085938e+01	1.899921989440917969e+01
1.405969715118408203e+01	1.266615009307861328e+01
6.443192481994628906e+00	9.101690292358398438e+00
1.361171054840087891e+01	2.231707954406738281e+01
1.731378364562988281e+01	1.871899962425231934e+00
1.014851284027099609e+01	4.710010051727294922e+00
1.443148136138916016e+01	1.643236923217773438e+01
1.448106956481933594e+01	1.912252044677734375e+01
8.329168319702148438e+00	1.422420024871826172e+01
1.279288959503173828e+01	2.702490091323852539e+00
1.307481479644775391e+01	1.383187961578369141e+01
1.098747825622558594e+01	1.232987976074218750e+01
1.115867137908935547e+01	1.008808040618896484e+01
1.167592906951904297e+01	1.156766986846923828e+01
1.382927608489990234e+01	8.182559967041015625e+00
1.299135494232177734e+01	1.692555999755859375e+01
1.114778995513916016e+01	2.230587005615234375e+01
4.804546356201171875e+00	2.174540042877197266e+00
1.115113258361816406e+01	3.060050010681152344e+00
7.131433486938476562e+00	2.678950071334838867e+00
1.448424434661865234e+01	1.457166957855224609e+01
1.096762561798095703e+01	1.146679019927978516e+01
1.425255584716796875e+01	1.305846023559570312e+01
1.167265796661376953e+01	1.266615009307861328e+01
1.257439327239990234e+01	1.320417976379394531e+01
8.521433830261230469e+00	4.959969997406005859e+00
1.408726596832275391e+01	1.336110973358154297e+01
9.932652473449707031e+00	8.709380149841308594e+00
1.193280315399169922e+01	1.209449005126953125e+01
1.449026584625244141e+01	1.737392044067382812e+01
1.096979808807373047e+01	1.012170982360839844e+01
2.493351936340332031e+00	1.126500010490417480e+00
1.408395290374755859e+01	1.422420024871826172e+01
1.320751285552978516e+01	1.468375968933105469e+01
8.107419967651367188e+00	1.055885982513427734e+01
1.198111248016357422e+01	1.311450958251953125e+01
2.716213607788085938e+01	1.625301933288574219e+01
1.328522396087646484e+01	1.670137977600097656e+01
1.281138992309570312e+01	1.258769035339355469e+01
1.176250553131103516e+01	1.340594005584716797e+01
1.289305591583251953e+01	1.277824020385742188e+01
1.208986186981201172e+01	1.333868980407714844e+01
1.359188938140869141e+01	1.240834045410156250e+01
1.130389499664306641e+01	1.098480033874511719e+01
1.319577503204345703e+01	1.338352012634277344e+01
1.365141868591308594e+01	1.490793991088867188e+01
1.698657035827636719e+01	1.524420022964477539e+00
1.450177669525146484e+01	1.502003002166748047e+01
7.093578815460205078e+00	1.067094993591308594e+01
9.213849067687988281e+00	7.745409965515136719e+00
1.480747890472412109e+01	1.345077991485595703e+01
8.850145339965820312e+00	1.347319030761718750e+01
1.391689682006835938e+01	1.759810066223144531e+01
1.293060016632080078e+01	1.275582027435302734e+01
1.494569778442382812e+01	1.657807922363281250e+01
2.512327194213867188e+00	1.434749960899353027e+00
1.066569805145263672e+01	9.718190193176269531e+00
1.279167652130126953e+01	1.209449005126953125e+01
1.061346817016601562e+01	1.431387042999267578e+01
1.436508274078369141e+01	1.912252044677734375e+01
1.741634368896484375e+01	2.008649063110351562e+01
3.565867424011230469e+00	2.369580030441284180e+00
1.333770465850830078e+01	1.376463031768798828e+01
9.206734657287597656e+00	1.244196987152099609e+01
1.199190998077392578e+01	9.415539741516113281e+00
1.625944137573242188e+01	1.604005050659179688e+01
8.185276985168457031e+00	2.119620084762573242e+00
1.439670467376708984e+01	1.345077991485595703e+01
1.163820457458496094e+01	1.535630035400390625e+01
1.310579013824462891e+01	1.635390090942382812e+01
1.341185283660888672e+01	1.300242042541503906e+01
1.087742328643798828e+01	1.225142002105712891e+01
1.315714931488037109e+01	9.919949531555175781e+00
8.231829643249511719e+00	1.132106971740722656e+01
1.593692874908447266e+01	1.721698951721191406e+01
8.592211723327636719e+00	1.032347011566162109e+01
1.056083011627197266e+01	1.368616962432861328e+01
1.520070934295654297e+01	1.681347084045410156e+01
7.022006034851074219e+00	1.490793991088867188e+01
1.738621711730957031e+01	1.573740959167480469e+01
1.688093185424804688e+01	1.898801040649414062e+01
1.485394763946533203e+01	1.210569953918457031e+01
9.785954475402832031e+00	1.378705024719238281e+01
1.477244472503662109e+01	1.513212013244628906e+01
1.629345130920410156e+01	1.714974021911621094e+01
8.162652015686035156e+00	4.864699840545654297e+00
1.010340023040771484e+01	1.201603031158447266e+01
8.983716964721679688e+00	2.219379901885986328e+00
7.555355072021484375e+00	6.153729915618896484e+00
8.440258979797363281e+00	3.046600103378295898e+00
1.200321388244628906e+01	1.334990024566650391e+01
9.537765502929687500e+00	1.636510014533996582e+00
1.516629505157470703e+01	8.048049926757812500e+00
1.516883277893066406e+01	1.580465984344482422e+01
1.447224521636962891e+01	1.604005050659179688e+01
1.630497550964355469e+01	1.947000026702880859e+00
1.429196834564208984e+01	1.493035984039306641e+01
1.439500713348388672e+01	1.602883911132812500e+01
1.617096328735351562e+01	1.640995025634765625e+01
2.610026836395263672e+00	1.281970024108886719e+00
1.374506473541259766e+01	1.600642013549804688e+01
1.216843318939208984e+01	1.412331962585449219e+01
1.402038860321044922e+01	1.782228088378906250e+01
5.318550586700439453e+00	4.259409904479980469e+00
1.103873729705810547e+01	1.212812042236328125e+01
1.378886222839355469e+01	1.614093017578125000e+01
1.411664962768554688e+01	1.482948017120361328e+01
7.754760742187500000e+00	9.751810073852539062e+00
1.029962539672851562e+01	1.210569953918457031e+01
1.277260303497314453e+01	1.281186008453369141e+01
1.459628105163574219e+01	1.361890983581542969e+01
1.001529979705810547e+01	3.710170030593872070e+00
9.909164428710937500e+00	1.171337985992431641e+01
6.172095298767089844e+00	4.010000228881835938e+00
