Predicted	Measured
1.371686172485351562e+01	1.300242042541503906e+01
1.352950859069824219e+01	1.422420024871826172e+01
9.927743911743164062e+00	9.415539741516113281e+00
1.205723762512207031e+01	1.209449005126953125e+01
1.265481567382812500e+01	1.305846023559570312e+01
1.382526397705078125e+01	1.604005050659179688e+01
4.068447113037109375e+00	1.482948017120361328e+01
1.495516204833984375e+01	1.629785919189453125e+01
2.358682155609130859e+00	1.871899962425231934e+00
1.510845756530761719e+01	1.657807922363281250e+01
2.358682155609130859e+00	2.702490091323852539e+00
1.696491050720214844e+01	1.912252044677734375e+01
2.358682155609130859e+00	2.119620084762573242e+00
2.358682155609130859e+00	1.681347084045410156e+01
2.358682155609130859e+00	4.010000228881835938e+00
1.294001388549804688e+01	1.670137977600097656e+01
1.024978446960449219e+01	1.154524993896484375e+01
1.159815216064453125e+01	1.107446956634521484e+01
2.358682155609130859e+00	2.219379901885986328e+00
1.499780273437500000e+01	1.912252044677734375e+01
2.358682155609130859e+00	1.311450958251953125e+01
1.300206947326660156e+01	1.368616962432861328e+01
1.219350814819335938e+01	1.281186008453369141e+01
1.463109016418457031e+01	1.457166957855224609e+01
2.358682155609130859e+00	3.710170030593872070e+00
1.245818138122558594e+01	1.165734004974365234e+01
2.358682155609130859e+00	1.258769035339355469e+01
1.324142265319824219e+01	1.490793991088867188e+01
1.430386924743652344e+01	1.376463031768798828e+01
2.358682155609130859e+00	7.745409965515136719e+00
1.357244682312011719e+01	1.535630035400390625e+01
1.001939010620117188e+01	1.490793991088867188e+01
1.182550811767578125e+01	1.422420024871826172e+01
1.199069976806640625e+01	1.468375968933105469e+01
1.423641395568847656e+01	1.643236923217773438e+01
2.358682155609130859e+00	1.126500010490417480e+00
2.358682155609130859e+00	1.338352012634277344e+01
2.358682155609130859e+00	1.266615009307861328e+01
7.351977348327636719e+00	1.721698951721191406e+01
1.442324829101562500e+01	1.681347084045410156e+01
2.358682155609130859e+00	4.864699840545654297e+00
2.358682155609130859e+00	1.067094993591308594e+01
2.003648185729980469e+01	1.573740959167480469e+01
1.268818283081054688e+01	9.919949531555175781e+00
1.270503616333007812e+01	1.240834045410156250e+01
1.255298995971679688e+01	1.277824020385742188e+01
2.358682155609130859e+00	1.171337985992431641e+01
1.033081054687500000e+01	9.718190193176269531e+00
2.358682155609130859e+00	1.333868980407714844e+01
1.300810623168945312e+01	1.345077991485595703e+01
1.390020370483398438e+01	1.602883911132812500e+01
1.399142837524414062e+01	1.513212013244628906e+01
1.355459976196289062e+01	1.614093017578125000e+01
2.358682155609130859e+00	1.737392044067382812e+01
2.358682155609130859e+00	1.012170982360839844e+01
2.358682155609130859e+00	1.336110973358154297e+01
2.358682155609130859e+00	8.182559967041015625e+00
9.825990676879882812e+00	1.032347011566162109e+01
2.358682155609130859e+00	2.174540042877197266e+00
2.358682155609130859e+00	1.098480033874511719e+01
2.358682155609130859e+00	1.600642013549804688e+01
1.415772247314453125e+01	1.210569953918457031e+01
1.015272331237792969e+01	1.782228088378906250e+01
1.339899253845214844e+01	1.334990024566650391e+01
2.358682155609130859e+00	9.751810073852539062e+00
1.242933845520019531e+01	1.275582027435302734e+01
1.001028823852539062e+01	1.055885982513427734e+01
2.358682155609130859e+00	1.156766986846923828e+01
1.269876480102539062e+01	1.266615009307861328e+01
1.902543067932128906e+01	1.714974021911621094e+01
2.358682155609130859e+00	1.636510014533996582e+00
1.339903259277343750e+01	1.345077991485595703e+01
1.347605895996093750e+01	1.212812042236328125e+01
2.358682155609130859e+00	2.629630088806152344e+00
2.358682155609130859e+00	8.048049926757812500e+00
1.035045242309570312e+01	1.210569953918457031e+01
2.358682155609130859e+00	1.281970024108886719e+00
2.358682155609130859e+00	2.678950071334838867e+00
1.271345138549804688e+01	1.209449005126953125e+01
2.358682155609130859e+00	6.859899997711181641e+00
1.432407188415527344e+01	1.361890983581542969e+01
1.210317611694335938e+01	1.320417976379394531e+01
2.358682155609130859e+00	1.899921989440917969e+01
2.358682155609130859e+00	1.225142002105712891e+01
1.370908355712890625e+01	1.347319030761718750e+01
2.358682155609130859e+00	1.635390090942382812e+01
3.743088960647583008e+00	1.431387042999267578e+01
1.100283622741699219e+01	1.201603031158447266e+01
2.358682155609130859e+00	1.524420022964477539e+00
2.358682155609130859e+00	1.759810066223144531e+01
2.358682155609130859e+00	1.412331962585449219e+01
2.358682155609130859e+00	4.259409904479980469e+00
1.512309837341308594e+01	1.604005050659179688e+01
3.767198562622070312e+00	6.153729915618896484e+00
1.277063751220703125e+01	1.625301933288574219e+01
2.358682155609130859e+00	4.710010051727294922e+00
2.358682155609130859e+00	4.959969997406005859e+00
1.576005744934082031e+01	1.898801040649414062e+01
2.358682155609130859e+00	1.947000026702880859e+00
1.188502883911132812e+01	1.232987976074218750e+01
2.358682155609130859e+00	1.434749960899353027e+00
2.358682155609130859e+00	1.146679019927978516e+01
2.358682155609130859e+00	1.132106971740722656e+01
1.426224327087402344e+01	1.692555999755859375e+01
1.280191612243652344e+01	1.502003002166748047e+01
2.358682155609130859e+00	2.369580030441284180e+00
1.543363952636718750e+01	1.640995025634765625e+01
1.270358848571777344e+01	1.274460983276367188e+01
9.879140853881835938e+00	9.101690292358398438e+00
1.147071647644042969e+01	1.008808040618896484e+01
2.358682155609130859e+00	1.340594005584716797e+01
1.405463027954101562e+01	1.359648990631103516e+01
2.358682155609130859e+00	2.231707954406738281e+01
1.170623397827148438e+01	1.346199035644531250e+01
2.358682155609130859e+00	9.430000305175781250e+00
2.358682155609130859e+00	1.000000000000000000e+00
6.601069450378417969e+00	2.230587005615234375e+01
1.558923912048339844e+01	2.008649063110351562e+01
1.125794219970703125e+01	1.244196987152099609e+01
2.358682155609130859e+00	3.060050010681152344e+00
2.358682155609130859e+00	1.378705024719238281e+01
1.071887588500976562e+01	8.709380149841308594e+00
2.358682155609130859e+00	3.046600103378295898e+00
8.236770629882812500e+00	1.383187961578369141e+01
1.484972381591796875e+01	1.493035984039306641e+01
2.358682155609130859e+00	1.580465984344482422e+01
